202403270000	0.800	1110000000011110	1	3.200	1110000000011110	1	0.584	1110000000011110	1	3.540	1110000000011110	1	0.472	1110000000011110	1	3.560	1110000000011110	1	0.3082	1110000000011110	1	3.180	1110000000011110	1	500	1110000000010000	1	0.633	1110000000010100	1
202403270030	0.820	1110000000011110	1	3.180	1110000000011110	1	0.555	1110000000011110	1	3.520	1110000000011110	1	0.455	1110000000011110	1	3.530	1110000000011110	1	0.3001	1110000000011110	1	3.080	1110000000011110	1	500	1110000000010000	1	0.667	1110000000010100	1
202403270100	0.790	1110000000011110	1	3.470	1110000000011110	1	0.544	1110000000011110	1	3.220	1110000000011110	1	0.436	1110000000011110	1	3.270	1110000000011110	1	0.2883	1110000000011110	1	2.860	1110000000011110	1	500	1110000000010000	1	0.711	1110000000010100	1
202403270130	0.760	1110000000011110	1	2.990	1110000000011110	1	0.504	1110000000011110	1	3.490	1110000000011110	1	0.400	1110000000011110	1	3.360	1110000000011110	1	0.2567	1110000000011110	1	2.990	1110000000011110	1	500	1110000000010000	1	0.699	1110000000010100	1
202403270200	0.670	1110000000011110	1	2.760	1110000000011110	1	0.470	1110000000011110	1	3.340	1110000000011110	1	0.377	1110000000011110	1	3.310	1110000000011110	1	0.2461	1110000000011110	1	2.930	1110000000011110	1	500	1110000000010000	1	0.692	1110000000010100	1
202403270230	0.700	1110000000011110	1	2.550	1110000000011110	1	0.480	1110000000011110	1	3.240	1110000000011110	1	0.387	1110000000011110	1	3.310	1110000000011110	1	0.2567	1110000000011110	1	2.950	1110000000011110	1	500	1110000000010000	1	0.696	1110000000010100	1
202403270300	0.610	1110000000011110	1	2.950	1110000000011110	1	0.501	1110000000011110	1	3.080	1110000000011110	1	0.415	1110000000011110	1	3.070	1110000000011110	1	0.2715	1110000000011110	1	2.890	1110000000011110	1	500	1110000000010000	1	0.695	1110000000010100	1
202403270330	0.660	1110000000011110	1	2.960	1110000000011110	1	0.501	1110000000011110	1	3.080	1110000000011110	1	0.405	1110000000011110	1	2.970	1110000000011110	1	0.2629	1110000000011110	1	2.690	1110000000011110	1	500	1110000000010000	1	0.707	1110000000010100	1
202403270400	0.930	1110000000011110	1	2.950	1110000000011110	1	0.555	1110000000011110	1	2.930	1110000000011110	1	0.436	1110000000011110	1	2.890	1110000000011110	1	0.2850	1110000000011110	1	2.820	1110000000011110	1	500	1110000000010000	1	0.707	1110000000010100	1
202403270430	0.810	1110000000011110	1	2.740	1110000000011110	1	0.524	1110000000011110	1	3.020	1110000000011110	1	0.413	1110000000011110	1	2.900	1110000000011110	1	0.2731	1110000000011110	1	2.740	1110000000011110	1	500	1110000000010000	1	0.711	1110000000010100	1
202403270500	0.880	1110000000011110	1	2.960	1110000000011110	1	0.570	1110000000011110	1	2.910	1110000000011110	1	0.458	1110000000011110	1	2.950	1110000000011110	1	0.3021	1110000000011110	1	2.770	1110000000011110	1	500	1110000000010000	1	0.701	1110000000010100	1
202403270530	0.840	1110000000011110	1	2.800	1110000000011110	1	0.566	1110000000011110	1	2.940	1110000000011110	1	0.457	1110000000011110	1	3.020	1110000000011110	1	0.2967	1110000000011110	1	2.810	1110000000011110	1	500	1110000000010000	1	0.700	1110000000010100	1
202403270600	0.790	1110000000011110	1	2.740	1110000000011110	1	0.572	1110000000011110	1	3.040	1110000000011110	1	0.442	1110000000011110	1	3.150	1110000000011110	1	0.2796	1110000000011110	1	2.940	1110000000011110	1	500	1110000000010000	1	0.678	1110000000010100	1
202403270630	0.900	1110000000011110	1	2.610	1110000000011110	1	0.654	1110000000011110	1	3.080	1110000000011110	1	0.516	1110000000011110	1	3.100	1110000000011110	1	0.3339	1110000000011110	1	3.040	1110000000011110	1	500	1110000000010000	1	0.595	1110000000010100	1
202403270700	1.010	1110000000011110	1	3.390	1110000000011110	1	0.671	1110000000011110	1	3.350	1110000000011110	1	0.521	1110000000011110	1	3.370	1110000000011110	1	0.3258	1110000000011110	1	3.290	1110000000011110	1	500	1110000000010000	1	0.499	1110000000010100	1
202403270730	0.910	1110000000011110	1	3.820	1110000000011110	1	0.634	1110000000011110	1	3.780	1110000000011110	1	0.480	1110000000011110	1	4.000	1110000000011110	1	0.3075	1110000000011110	1	3.810	1110000000011110	1	472	1110000000010000	1	0.505	1110000000010100	1
202403270800	0.710	1110000000011110	1	3.750	1110000000011110	1	0.501	1110000000011110	1	3.820	1110000000011110	1	0.403	1110000000011110	1	3.870	1110000000011110	1	0.2654	1110000000011110	1	3.710	1110000000011110	1	484	1110000000010000	1	0.375	1110000000010100	1
202403270830	0.680	1110000000011110	1	4.150	1110000000011110	1	0.507	1110000000011110	1	3.990	1110000000011110	1	0.409	1110000000011110	1	4.030	1110000000011110	1	0.2632	1110000000011110	1	3.800	1110000000011110	1	472	1110000000010000	1	0.400	1110000000010100	1
202403270900	0.760	1110000000011110	1	3.780	1110000000011110	1	0.524	1110000000011110	1	3.900	1110000000011110	1	0.425	1110000000011110	1	4.050	1110000000011110	1	0.2735	1110000000011110	1	3.810	1110000000011110	1	471	1110000000010000	1	0.379	1110000000010100	1
202403270930	0.670	1110000000011110	1	3.530	1110000000011110	1	0.490	1110000000011110	1	3.690	1110000000011110	1	0.392	1110000000011110	1	3.770	1110000000011110	1	0.2526	1110000000011110	1	3.560	1110000000011110	1	500	1110000000010000	1	0.378	1110000000010100	1
202403271000	0.750	1110000000011110	1	3.510	1110000000011110	1	0.529	1110000000011110	1	3.460	1110000000011110	1	0.413	1110000000011110	1	3.530	1110000000011110	1	0.2552	1110000000011110	1	3.330	1110000000011110	1	500	1110000000010000	1	0.504	1110000000010100	1
202403271030	0.730	1110000000011110	1	3.270	1110000000011110	1	0.489	1110000000011110	1	3.370	1110000000011110	1	0.389	1110000000011110	1	3.370	1110000000011110	1	0.2511	1110000000011110	1	3.290	1110000000011110	1	500	1110000000010000	1	0.544	1110000000010100	1
202403271100	0.660	1110000000011110	1	3.020	1110000000011110	1	0.428	1110000000011110	1	3.280	1110000000011110	1	0.349	1110000000011110	1	3.350	1110000000011110	1	0.2334	1110000000011110	1	3.170	1110000000011110	1	500	1110000000010000	1	0.598	1110000000010100	1
202403271130	0.480	1110000000011110	1	3.410	1110000000011110	1	0.377	1110000000011110	1	3.410	1110000000011110	1	0.300	1110000000011110	1	3.460	1110000000011110	1	0.1943	1110000000011110	1	3.110	1110000000011110	1	500	1110000000010000	1	0.662	1110000000010100	1
202403271200	0.490	1110000000011110	1	3.290	1110000000011110	1	0.347	1110000000011110	1	3.310	1110000000011110	1	0.277	1110000000011110	1	3.420	1110000000011110	1	0.1818	1110000000011110	1	3.070	1110000000011110	1	500	1110000000010000	1	0.678	1110000000010100	1
202403271230	0.540	1110000000011110	1	3.250	1110000000011110	1	0.331	1110000000011110	1	3.560	1110000000011110	1	0.269	1110000000011110	1	3.710	1110000000011110	1	0.1734	1110000000011110	1	3.120	1110000000011110	1	500	1110000000010000	1	0.680	1110000000010100	1
202403271300	0.350	1110000000011110	1	5.580	1110000000011110	1	0.280	1110000000011110	1	3.850	1110000000011110	1	0.231	1110000000011110	1	3.710	1110000000011110	1	0.1531	1110000000011110	1	3.150	1110000000011110	1	500	1110000000010000	1	0.680	1110000000010100	1
202403271330	0.380	1110000000011110	1	3.720	1110000000011110	1	0.252	1110000000011110	1	4.180	1110000000011110	1	0.205	1110000000011110	1	3.780	1110000000011110	1	0.1350	1110000000011110	1	3.140	1110000000011110	1	500	1110000000010000	1	0.703	1110000000010100	1
202403271400	0.310	1110000000011110	1	8.190	1110000000014130	4	0.234	1110000000011110	1	5.140	1110000000011110	1	0.193	1110000000011110	1	4.280	1110000000011110	1	0.1287	1110000000011110	1	3.320	1110000000011110	1	500	1110000000010000	1	0.715	1110000000010100	1
202403271430	0.310	1110000000011110	1	2.910	1110000000011110	1	0.246	1110000000011110	1	4.750	1110000000011110	1	0.199	1110000000011110	1	4.270	1110000000011110	1	0.1306	1110000000011110	1	3.340	1110000000011110	1	500	1110000000010000	1	0.672	1110000000010100	1
202403271500	0.320	1110000000011110	1	2.990	1110000000011110	1	0.235	1110000000011110	1	4.570	1110000000011110	1	0.187	1110000000011110	1	4.190	1110000000011110	1	0.1212	1110000000011110	1	3.190	1110000000011110	1	500	1110000000010000	1	0.707	1110000000010100	1
202403271530	0.350	1110000000011110	1	3.320	1110000000011110	1	0.256	1110000000011110	1	4.960	1110000000011110	1	0.200	1110000000011110	1	4.280	1110000000011110	1	0.1304	1110000000011110	1	3.360	1110000000011110	1	500	1110000000010000	1	0.696	1110000000010100	1
202403271600	0.330	1110000000011110	1	2.790	1110000000011110	1	0.245	1110000000011110	1	4.770	1110000000011110	1	0.198	1110000000011110	1	4.000	1110000000011110	1	0.1322	1110000000011110	1	3.230	1110000000011110	1	500	1110000000010000	1	0.680	1110000000010100	1
202403271630	0.340	1110000000011110	1	5.060	1110000000011110	1	0.259	1110000000011110	1	4.740	1110000000011110	1	0.209	1110000000011110	1	4.520	1110000000011110	1	0.1359	1110000000011110	1	3.480	1110000000011110	1	500	1110000000010000	1	0.667	1110000000010100	1
202403271700	0.490	1110000000011110	1	5.990	1110000000011110	1	0.249	1110000000011110	1	4.790	1110000000011110	1	0.204	1110000000011110	1	4.450	1110000000011110	1	0.1363	1110000000011110	1	3.420	1110000000011110	1	500	1110000000010000	1	0.675	1110000000010100	1
202403271730	0.420	1110000000011110	1	7.480	1110000000011110	1	0.242	1110000000011110	1	4.190	1110000000011110	1	0.192	1110000000011110	1	3.980	1110000000011110	1	0.1249	1110000000011110	1	3.160	1110000000011110	1	500	1110000000010000	1	0.704	1110000000010100	1
202403271800	0.290	1110000000011110	1	6.410	1110000000011110	1	0.222	1110000000011110	1	4.500	1110000000011110	1	0.185	1110000000011110	1	4.240	1110000000011110	1	0.1214	1110000000011110	1	3.350	1110000000011110	1	500	1110000000010000	1	0.698	1110000000010100	1
202403271830	0.330	1110000000011110	1	6.400	1110000000011110	1	0.237	1110000000011110	1	4.080	1110000000011110	1	0.194	1110000000011110	1	4.120	1110000000011110	1	0.1253	1110000000011110	1	3.420	1110000000011110	1	500	1110000000010000	1	0.673	1110000000010100	1
202403271900	0.270	1110000000011110	1	5.180	1110000000011110	1	0.197	1110000000011110	1	4.510	1110000000011110	1	0.160	1110000000011110	1	4.310	1110000000011110	1	0.1051	1110000000011110	1	3.430	1110000000011110	1	500	1110000000010000	1	0.664	1110000000010100	1
202403271930	0.270	1110000000011110	1	3.110	1110000000011110	1	0.198	1110000000011110	1	4.900	1110000000011110	1	0.158	1110000000011110	1	4.240	1110000000011110	1	0.1051	1110000000011110	1	3.400	1110000000011110	1	500	1110000000010000	1	0.623	1110000000010100	1
202403272000	0.320	1110000000011110	1	3.500	1110000000011110	1	0.239	1110000000011110	1	4.040	1110000000011110	1	0.188	1110000000011110	1	4.060	1110000000011110	1	0.1216	1110000000011110	1	3.510	1110000000011110	1	500	1110000000010000	1	0.593	1110000000010100	1
202403272030	0.360	1110000000011110	1	3.090	1110000000011110	1	0.254	1110000000011110	1	4.350	1110000000011110	1	0.203	1110000000011110	1	4.050	1110000000011110	1	0.1321	1110000000011110	1	3.520	1110000000011110	1	500	1110000000010000	1	0.579	1110000000010100	1
202403272100	0.390	1110000000011110	1	3.250	1110000000011110	1	0.292	1110000000011110	1	3.600	1110000000011110	1	0.237	1110000000011110	1	3.840	1110000000011110	1	0.1556	1110000000011110	1	3.360	1110000000011110	1	500	1110000000010000	1	0.613	1110000000010100	1
202403272130	0.470	1110000000011110	1	3.620	1110000000011110	1	0.345	1110000000011110	1	3.870	1110000000011110	1	0.281	1110000000011110	1	3.950	1110000000011110	1	0.1862	1110000000011110	1	3.350	1110000000011110	1	500	1110000000010000	1	0.598	1110000000010100	1
202403272200	0.580	1110000000011110	1	2.950	1110000000011110	1	0.406	1110000000011110	1	4.010	1110000000011110	1	0.315	1110000000011110	1	3.920	1110000000011110	1	0.2039	1110000000011110	1	3.400	1110000000011110	1	500	1110000000010000	1	0.597	1110000000010100	1
202403272230	0.620	1110000000011110	1	5.610	1110000000011110	1	0.399	1110000000011110	1	4.400	1110000000011110	1	0.323	1110000000011110	1	4.520	1110000000011110	1	0.2073	1110000000011110	1	3.660	1110000000011110	1	490	1110000000010000	1	0.601	1110000000010100	1
202403272300	0.540	1110000000011110	1	6.090	1110000000011110	1	0.402	1110000000011110	1	4.400	1110000000011110	1	0.326	1110000000011110	1	4.220	1110000000011110	1	0.2125	1110000000011110	1	3.510	1110000000011110	1	500	1110000000010000	1	0.569	1110000000010100	1
202403272330	0.650	1110000000011110	1	4.630	1110000000011110	1	0.454	1110000000011110	1	4.280	1110000000011110	1	0.365	1110000000011110	1	4.420	1110000000011110	1	0.2325	1110000000011110	1	3.670	1110000000011110	1	488	1110000000010000	1	0.586	1110000000010100	1
