202403190000	0.990	1110000000011110	1	3.550	1110000000011110	1	0.703	1110000000011110	1	3.240	1110000000011110	1	0.551	1110000000011110	1	3.240	1110000000011110	1	0.3542	1110000000011110	1	3.080	1110000000011110	1	500	1110000000010000	1	0.577	1110000000010100	1
202403190030	0.890	1110000000011110	1	3.390	1110000000011110	1	0.680	1110000000011110	1	3.330	1110000000011110	1	0.536	1110000000011110	1	3.390	1110000000011110	1	0.3389	1110000000011110	1	3.200	1110000000011110	1	500	1110000000010000	1	0.538	1110000000010100	1
202403190100	0.950	1110000000011110	1	3.580	1110000000011110	1	0.632	1110000000011110	1	3.350	1110000000011110	1	0.480	1110000000011110	1	3.410	1110000000011110	1	0.2991	1110000000011110	1	3.240	1110000000011110	1	500	1110000000010000	1	0.512	1110000000010100	1
202403190130	0.740	1110000000011110	1	3.530	1110000000011110	1	0.528	1110000000011110	1	3.490	1110000000011110	1	0.430	1110000000011110	1	3.520	1110000000011110	1	0.2830	1110000000011110	1	3.350	1110000000011110	1	500	1110000000010000	1	0.502	1110000000010100	1
202403190200	1.120	1110000000011110	1	3.510	1110000000011110	1	0.692	1110000000011110	1	3.600	1110000000011110	1	0.537	1110000000011110	1	3.560	1110000000011110	1	0.3342	1110000000011110	1	3.350	1110000000011110	1	500	1110000000010000	1	0.488	1110000000010100	1
202403190230	1.700	1110000000011110	1	3.480	1110000000011110	1	0.805	1110000000011110	1	3.610	1110000000011110	1	0.643	1110000000011110	1	3.880	1110000000011110	1	0.4072	1110000000011110	1	3.700	1110000000011110	1	485	1110000000010000	1	0.459	1110000000010100	1
202403190300	1.260	1110000000011110	1	3.610	1110000000011110	1	0.804	1110000000011110	1	3.700	1110000000011110	1	0.633	1110000000011110	1	3.670	1110000000011110	1	0.4029	1110000000011110	1	3.430	1110000000011110	1	500	1110000000010000	1	0.488	1110000000010100	1
202403190330	1.290	1110000000011110	1	3.780	1110000000011110	1	0.859	1110000000011110	1	3.730	1110000000011110	1	0.678	1110000000011110	1	3.710	1110000000011110	1	0.4520	1110000000011110	1	3.490	1110000000011110	1	500	1110000000010000	1	0.427	1110000000010100	1
202403190400	1.220	1110000000011110	1	3.640	1110000000011110	1	0.855	1110000000011110	1	3.670	1110000000011110	1	0.677	1110000000011110	1	3.670	1110000000011110	1	0.4386	1110000000011110	1	3.450	1110000000011110	1	500	1110000000010000	1	0.469	1110000000010100	1
202403190430	1.640	1110000000011110	1	3.760	1110000000011110	1	1.031	1110000000011110	1	3.690	1110000000011110	1	0.799	1110000000011110	1	3.740	1110000000011110	1	0.5043	1110000000011110	1	3.460	1110000000011110	1	500	1110000000010000	1	0.453	1110000000010100	1
202403190500	1.330	1110000000011110	1	3.470	1110000000011110	1	1.003	1110000000011110	1	3.720	1110000000011110	1	0.789	1110000000011110	1	3.770	1110000000011110	1	0.5008	1110000000011110	1	3.400	1110000000011110	1	500	1110000000010000	1	0.504	1110000000010100	1
202403190530	1.450	1110000000011110	1	3.850	1110000000011110	1	1.044	1110000000011110	1	3.790	1110000000011110	1	0.832	1110000000011110	1	3.770	1110000000011110	1	0.5323	1110000000011110	1	3.430	1110000000011110	1	500	1110000000010000	1	0.477	1110000000010100	1
202403190600	1.370	1110000000011110	1	3.830	1110000000011110	1	0.986	1110000000011110	1	3.650	1110000000011110	1	0.785	1110000000011110	1	3.690	1110000000011110	1	0.4943	1110000000011110	1	3.320	1110000000011110	1	500	1110000000010000	1	0.553	1110000000010100	1
202403190630	1.360	1110000000011110	1	3.630	1110000000011110	1	0.955	1110000000011110	1	3.660	1110000000011110	1	0.750	1110000000011110	1	3.630	1110000000011110	1	0.4833	1110000000011110	1	3.290	1110000000011110	1	500	1110000000010000	1	0.571	1110000000010100	1
202403190700	1.440	1110000000011110	1	3.350	1110000000011110	1	0.966	1110000000011110	1	3.570	1110000000011110	1	0.743	1110000000011110	1	3.580	1110000000011110	1	0.4744	1110000000011110	1	3.170	1110000000011110	1	500	1110000000010000	1	0.623	1110000000010100	1
202403190730	1.220	1110000000011110	1	3.570	1110000000011110	1	0.913	1110000000011110	1	3.540	1110000000011110	1	0.705	1110000000011110	1	3.500	1110000000011110	1	0.4445	1110000000011110	1	3.110	1110000000011110	1	500	1110000000010000	1	0.630	1110000000010100	1
202403190800	1.140	1110000000011110	1	3.450	1110000000011110	1	0.806	1110000000011110	1	3.500	1110000000011110	1	0.644	1110000000011110	1	3.460	1110000000011110	1	0.4076	1110000000011110	1	2.990	1110000000011110	1	500	1110000000010000	1	0.646	1110000000010100	1
202403190830	1.070	1110000000011110	1	3.660	1110000000011110	1	0.820	1110000000011110	1	3.460	1110000000011110	1	0.649	1110000000011110	1	3.440	1110000000011110	1	0.4170	1110000000011110	1	3.100	1110000000011110	1	500	1110000000010000	1	0.624	1110000000010100	1
202403190900	1.180	1110000000011110	1	3.060	1110000000011110	1	0.853	1110000000011110	1	3.460	1110000000011110	1	0.666	1110000000011110	1	3.450	1110000000011110	1	0.4261	1110000000011110	1	3.080	1110000000011110	1	500	1110000000010000	1	0.642	1110000000010100	1
202403190930	1.310	1110000000011110	1	3.380	1110000000011110	1	0.856	1110000000011110	1	3.430	1110000000011110	1	0.682	1110000000011110	1	3.460	1110000000011110	1	0.4459	1110000000011110	1	3.190	1110000000011110	1	500	1110000000010000	1	0.598	1110000000010100	1
202403191000	1.200	1110000000011110	1	3.600	1110000000011110	1	0.860	1110000000011110	1	3.460	1110000000011110	1	0.682	1110000000011110	1	3.420	1110000000011110	1	0.4393	1110000000011110	1	3.060	1110000000011110	1	500	1110000000010000	1	0.608	1110000000010100	1
202403191030	1.120	1110000000011110	1	3.540	1110000000011110	1	0.876	1110000000011110	1	3.500	1110000000011110	1	0.698	1110000000011110	1	3.380	1110000000011110	1	0.4533	1110000000011110	1	3.110	1110000000011110	1	500	1110000000010000	1	0.626	1110000000010100	1
202403191100	1.040	1110000000011110	1	3.330	1110000000011110	1	0.751	1110000000011110	1	3.330	1110000000011110	1	0.603	1110000000011110	1	3.370	1110000000011110	1	0.3881	1110000000011110	1	3.060	1110000000011110	1	500	1110000000010000	1	0.621	1110000000010100	1
202403191130	1.020	1110000000011110	1	3.540	1110000000011110	1	0.719	1110000000011110	1	3.420	1110000000011110	1	0.568	1110000000011110	1	3.300	1110000000011110	1	0.3659	1110000000011110	1	3.030	1110000000011110	1	500	1110000000010000	1	0.655	1110000000010100	1
202403191200	0.890	1110000000011110	1	3.490	1110000000011110	1	0.632	1110000000011110	1	3.300	1110000000011110	1	0.511	1110000000011110	1	3.350	1110000000011110	1	0.3307	1110000000011110	1	3.060	1110000000011110	1	500	1110000000010000	1	0.632	1110000000010100	1
202403191230	0.740	1110000000011110	1	2.990	1110000000011110	1	0.564	1110000000011110	1	3.250	1110000000011110	1	0.449	1110000000011110	1	3.300	1110000000011110	1	0.2916	1110000000011110	1	3.040	1110000000011110	1	500	1110000000010000	1	0.654	1110000000010100	1
202403191300	0.680	1110000000011110	1	3.140	1110000000011110	1	0.483	1110000000011110	1	3.340	1110000000011110	1	0.390	1110000000011110	1	3.280	1110000000011110	1	0.2538	1110000000011110	1	3.020	1110000000011110	1	500	1110000000010000	1	0.632	1110000000010100	1
202403191330	0.720	1110000000011110	1	3.530	1110000000011110	1	0.466	1110000000011110	1	3.170	1110000000011110	1	0.370	1110000000011110	1	3.230	1110000000011110	1	0.2387	1110000000011110	1	3.000	1110000000011110	1	500	1110000000010000	1	0.616	1110000000010100	1
202403191400	0.550	1110000000011110	1	3.170	1110000000011110	1	0.424	1110000000011110	1	3.330	1110000000011110	1	0.338	1110000000011110	1	3.400	1110000000011110	1	0.2206	1110000000011110	1	3.140	1110000000011110	1	500	1110000000010000	1	0.607	1110000000010100	1
202403191430	0.640	1110000000011110	1	3.090	1110000000011110	1	0.415	1110000000011110	1	3.340	1110000000011110	1	0.323	1110000000011110	1	3.390	1110000000011110	1	0.2108	1110000000011110	1	3.120	1110000000011110	1	500	1110000000010000	1	0.616	1110000000010100	1
202403191500	0.540	1110000000011110	1	3.030	1110000000011110	1	0.371	1110000000011110	1	3.240	1110000000011110	1	0.296	1110000000011110	1	3.310	1110000000011110	1	0.1932	1110000000011110	1	3.010	1110000000011110	1	500	1110000000010000	1	0.649	1110000000010100	1
202403191530	0.590	1110000000011110	1	3.090	1110000000011110	1	0.385	1110000000011110	1	3.170	1110000000011110	1	0.301	1110000000011110	1	3.280	1110000000011110	1	0.1985	1110000000011110	1	2.970	1110000000011110	1	500	1110000000010000	1	0.646	1110000000010100	1
202403191600	0.510	1110000000011110	1	4.530	1110000000011110	1	0.393	1110000000011110	1	3.350	1110000000011110	1	0.316	1110000000011110	1	3.330	1110000000011110	1	0.2030	1110000000011110	1	3.040	1110000000011110	1	500	1110000000010000	1	0.658	1110000000010100	1
202403191630	0.620	1110000000011110	1	3.850	1110000000011110	1	0.375	1110000000011110	1	3.360	1110000000011110	1	0.307	1110000000011110	1	3.470	1110000000011110	1	0.2037	1110000000011110	1	3.090	1110000000011110	1	500	1110000000010000	1	0.661	1110000000010100	1
202403191700	0.620	1110000000011110	1	3.780	1110000000011110	1	0.431	1110000000011110	1	3.610	1110000000011110	1	0.334	1110000000011110	1	3.500	1110000000011110	1	0.2100	1110000000011110	1	3.050	1110000000011110	1	500	1110000000010000	1	0.655	1110000000010100	1
202403191730	0.620	1110000000011110	1	3.930	1110000000011110	1	0.435	1110000000011110	1	3.500	1110000000011110	1	0.346	1110000000011110	1	3.430	1110000000011110	1	0.2248	1110000000011110	1	3.110	1110000000011110	1	500	1110000000010000	1	0.621	1110000000010100	1
202403191800	0.660	1110000000011110	1	3.440	1110000000011110	1	0.466	1110000000011110	1	3.740	1110000000011110	1	0.379	1110000000011110	1	3.620	1110000000011110	1	0.2497	1110000000011110	1	3.270	1110000000011110	1	500	1110000000010000	1	0.586	1110000000010100	1
202403191830	0.610	1110000000011110	1	4.360	1110000000011110	1	0.433	1110000000011110	1	3.710	1110000000011110	1	0.345	1110000000011110	1	3.710	1110000000011110	1	0.2262	1110000000011110	1	3.310	1110000000011110	1	500	1110000000010000	1	0.597	1110000000010100	1
202403191900	0.550	1110000000011110	1	4.600	1110000000011110	1	0.430	1110000000011110	1	3.970	1110000000011110	1	0.351	1110000000011110	1	3.980	1110000000011110	1	0.2266	1110000000011110	1	3.400	1110000000011110	1	500	1110000000010000	1	0.546	1110000000010100	1
202403191930	0.650	1110000000011110	1	3.910	1110000000011110	1	0.444	1110000000011110	1	4.060	1110000000011110	1	0.359	1110000000011110	1	4.150	1110000000011110	1	0.2332	1110000000011110	1	3.590	1110000000011110	1	499	1110000000010000	1	0.520	1110000000010100	1
202403192000	0.610	1110000000011110	1	4.760	1110000000011110	1	0.414	1110000000011110	1	4.350	1110000000011110	1	0.337	1110000000011110	1	4.290	1110000000011110	1	0.2169	1110000000011110	1	3.600	1110000000011110	1	498	1110000000010000	1	0.545	1110000000010100	1
202403192030	0.590	1110000000011110	1	4.690	1110000000011110	1	0.438	1110000000011110	1	4.450	1110000000011110	1	0.346	1110000000011110	1	4.420	1110000000011110	1	0.2184	1110000000011110	1	3.700	1110000000011110	1	485	1110000000010000	1	0.571	1110000000010100	1
202403192100	0.650	1110000000011110	1	4.350	1110000000011110	1	0.462	1110000000011110	1	4.440	1110000000011110	1	0.370	1110000000011110	1	4.500	1110000000011110	1	0.2339	1110000000011110	1	3.920	1110000000011110	1	458	1110000000010000	1	0.551	1110000000010100	1
202403192130	0.700	1110000000011110	1	5.090	1110000000011110	1	0.514	1110000000011110	1	4.620	1110000000011110	1	0.416	1110000000011110	1	4.620	1110000000011110	1	0.2767	1110000000011110	1	4.160	1110000000011110	1	432	1110000000010000	1	0.539	1110000000010100	1
202403192200	0.870	1110000000011110	1	4.780	1110000000011110	1	0.540	1110000000011110	1	4.740	1110000000011110	1	0.440	1110000000011110	1	4.790	1110000000011110	1	0.2888	1110000000011110	1	4.290	1110000000011110	1	418	1110000000010000	1	0.536	1110000000010100	1
202403192230	0.730	1110000000011110	1	4.530	1110000000011110	1	0.564	1110000000011110	1	5.020	1110000000011110	1	0.449	1110000000011110	1	4.930	1110000000011110	1	0.2861	1110000000011110	1	4.270	1110000000011110	1	420	1110000000010000	1	0.563	1110000000010100	1
202403192300	0.860	1110000000011110	1	4.820	1110000000011110	1	0.583	1110000000011110	1	5.120	1110000000011110	1	0.468	1110000000011110	1	5.080	1110000000011110	1	0.2975	1110000000011110	1	4.390	1110000000011110	1	409	1110000000010000	1	0.543	1110000000010100	1
202403192330	0.820	1110000000011110	1	5.420	1110000000011110	1	0.620	1110000000011110	1	4.890	1110000000011110	1	0.497	1110000000011110	1	5.000	1110000000011110	1	0.3144	1110000000011110	1	4.450	1110000000011110	1	403	1110000000010000	1	0.524	1110000000010100	1
