202403240032	2.610	1110000000011110	1	9.090	1110000000011111	1	5.634	1110000000011111	1	281.300	1110000000010100	1	22.400	1110000000010100	1	7.250	1110000000010100	1	7	0000000000000000	0	7.270	1110000000011110	1	6.120	1110000000011110	1	3.820	1110000000011111	1	8.640	1110000000011110	1	0.422	1110000000010100	1	0.736	1110000000010100	1	2.030	1110000000010100	1	0.05268	1110000000010100	1
202403240102	2.600	1110000000011110	1	8.330	1110000000011111	1	5.556	1110000000011111	1	277.000	1110000000010100	1	25.400	1110000000010100	1	7.250	1110000000010100	1	7	0000000000000000	0	7.080	1110000000011110	1	5.990	1110000000011110	1	3.870	1110000000011111	1	8.370	1110000000011110	1	0.405	1110000000010100	1	0.716	1110000000010100	1	1.970	1110000000010100	1	0.05396	1110000000010100	1
202403240132	2.530	1110000000011110	1	9.090	1110000000011111	1	5.714	1110000000011111	1	277.000	1110000000010100	1	27.300	1110000000010100	1	7.250	1110000000010100	1	7	0000000000000000	0	7.300	1110000000011110	1	6.220	1110000000011110	1	3.960	1110000000011111	1	8.570	1110000000011110	1	0.406	1110000000010100	1	0.726	1110000000010100	1	1.950	1110000000010100	1	0.04965	1110000000010100	1
202403240202	2.560	1110000000011110	1	7.140	1110000000011111	1	5.714	1110000000011111	1	274.200	1110000000010100	1	33.300	1110000000010100	1	7.250	1110000000010100	1	7	0000000000000000	0	7.070	1110000000011110	1	6.110	1110000000011110	1	4.110	1110000000011111	1	8.180	1110000000011110	1	0.373	1110000000010100	1	0.697	1110000000010100	1	2.000	1110000000010100	1	0.05024	1110000000010100	1
202403240232	2.680	1110000000011110	1	9.090	1110000000011111	1	5.882	1110000000011111	1	281.300	1110000000010100	1	26.300	1110000000010100	1	7.250	1110000000010100	1	7	0000000000000000	0	7.070	1110000000011110	1	6.250	1110000000011110	1	4.290	1110000000011111	1	8.000	1110000000011110	1	0.353	1110000000010100	1	0.684	1110000000010100	1	2.280	1110000000010100	1	0.04963	1110000000010100	1
202403240302	2.480	1110000000011110	1	9.090	1110000000011111	1	5.714	1110000000011111	1	279.800	1110000000010100	1	27.400	1110000000010100	1	7.250	1110000000010100	1	7	0000000000000000	0	7.070	1110000000011110	1	6.140	1110000000011110	1	4.090	1110000000011111	1	8.140	1110000000011110	1	0.377	1110000000010100	1	0.702	1110000000010100	1	2.150	1110000000010100	1	0.04867	1110000000010100	1
202403240332	2.320	1110000000011110	1	7.140	1110000000011111	1	5.714	1110000000011111	1	281.300	1110000000010100	1	35.100	1110000000010100	1	7.250	1110000000010100	1	7	0000000000000000	0	7.140	1110000000011110	1	6.180	1110000000011110	1	4.090	1110000000011111	1	8.250	1110000000011110	1	0.383	1110000000010100	1	0.705	1110000000010100	1	2.060	1110000000010100	1	0.04553	1110000000010100	1
202403240402	2.210	1110000000011110	1	6.670	1110000000011111	1	5.479	1110000000011111	1	284.100	1110000000010100	1	25.000	1110000000010100	1	7.250	1110000000010100	1	7	0000000000000000	0	6.970	1110000000011110	1	5.930	1110000000011110	1	3.820	1110000000011111	1	8.190	1110000000011110	1	0.404	1110000000010100	1	0.719	1110000000010100	1	1.930	1110000000010100	1	0.04717	1110000000010100	1
202403240432	2.250	1110000000011110	1	9.090	1110000000011111	1	5.479	1110000000011111	1	284.100	1110000000010100	1	22.000	1110000000010100	1	7.300	1110000000010100	1	7	0000000000000000	0	7.020	1110000000011110	1	5.980	1110000000011110	1	3.690	1110000000011111	1	8.240	1110000000011110	1	0.426	1110000000010100	1	0.742	1110000000010100	1	2.170	1110000000010100	1	0.04802	1110000000010100	1
202403240502	1.710	1110000000011110	1	8.330	1110000000011111	1	4.938	1110000000011111	1	291.100	1110000000010100	1	27.300	1110000000010100	1	7.250	1110000000010100	1	7	0000000000000000	0	6.510	1110000000011110	1	5.380	1110000000011110	1	3.410	1110000000011111	1	7.880	1110000000011110	1	0.430	1110000000010100	1	0.723	1110000000010100	1	1.680	1110000000010100	1	0.04493	1110000000010100	1
202403240532	1.690	1110000000011110	1	8.330	1110000000011111	1	4.938	1110000000011111	1	292.500	1110000000010100	1	33.600	1110000000010100	1	7.250	1110000000010100	1	7	0000000000000000	0	6.520	1110000000011110	1	5.390	1110000000011110	1	3.310	1110000000011111	1	7.890	1110000000011110	1	0.445	1110000000010100	1	0.742	1110000000010100	1	1.830	1110000000010100	1	0.04441	1110000000010100	1
202403240602	1.640	1110000000011110	1	8.330	1110000000011111	1	4.819	1110000000011111	1	286.900	1110000000010100	1	26.100	1110000000010100	1	7.250	1110000000010100	1	7	0000000000000000	0	6.340	1110000000011110	1	5.280	1110000000011110	1	3.370	1110000000011111	1	7.610	1110000000011110	1	0.428	1110000000010100	1	0.719	1110000000010100	1	1.790	1110000000010100	1	0.04525	1110000000010100	1
202403240632	1.600	1110000000011110	1	7.690	1110000000011111	1	5.128	1110000000011111	1	284.100	1110000000010100	1	25.900	1110000000010100	1	7.250	1110000000010100	1	7	0000000000000000	0	6.530	1110000000011110	1	5.560	1110000000011110	1	3.620	1110000000011111	1	7.670	1110000000011110	1	0.408	1110000000010100	1	0.712	1110000000010100	1	2.070	1110000000010100	1	0.03898	1110000000010100	1
202403240702	1.660	1110000000011110	1	7.140	1110000000011111	1	5.063	1110000000011111	1	289.700	1110000000010100	1	36.000	1110000000010100	1	7.250	1110000000010100	1	7	0000000000000000	0	6.440	1110000000011110	1	5.450	1110000000011110	1	3.600	1110000000011111	1	7.610	1110000000011110	1	0.405	1110000000010100	1	0.701	1110000000010100	1	1.900	1110000000010100	1	0.04149	1110000000010100	1
202403240732	1.940	1110000000011110	1	7.140	1110000000011111	1	5.063	1110000000011111	1	282.700	1110000000010100	1	31.700	1110000000010100	1	7.250	1110000000010100	1	7	0000000000000000	0	6.320	1110000000011110	1	5.420	1110000000011110	1	3.570	1110000000011111	1	7.370	1110000000011110	1	0.400	1110000000010100	1	0.705	1110000000010100	1	2.130	1110000000010100	1	0.04849	1110000000010100	1
202403240802	1.910	1110000000011110	1	7.140	1110000000011111	1	5.063	1110000000011111	1	277.000	1110000000010100	1	30.400	1110000000010100	1	7.300	1110000000010100	1	7	0000000000000000	0	6.350	1110000000011110	1	5.460	1110000000011110	1	3.620	1110000000011111	1	7.390	1110000000011110	1	0.396	1110000000010100	1	0.700	1110000000010100	1	2.150	1110000000010100	1	0.04774	1110000000010100	1
202403240832	1.920	1910000000011110	1	7.690	1910000000011111	1	4.938	1910000000011111	1	270.000	1910000000010100	1	30.100	1910000000010100	1	7.250	1910000000010100	1	7	0000000000000000	0	6.340	1910000000011110	1	5.370	1910000000011110	1	3.490	1910000000011111	1	7.490	1910000000011110	1	0.412	1910000000010100	1	0.711	1910000000010100	1	1.990	1910000000010100	1	0.05045	1910000000010100	1
202403240902	2.060	1110000000011110	1	7.140	1110000000011111	1	5.000	1110000000011111	1	263.000	1110000000010100	1	24.500	1110000000010100	1	7.250	1110000000010100	1	7	0000000000000000	0	6.340	1110000000011110	1	5.400	1110000000011110	1	3.580	1110000000011111	1	7.440	1110000000011110	1	0.396	1110000000010100	1	0.702	1110000000010100	1	1.990	1110000000010100	1	0.05279	1110000000010100	1
202403240932	2.100	1110000000011110	1	7.140	1110000000011111	1	4.819	1110000000011111	1	268.600	1110000000010100	1	31.300	1110000000010100	1	7.250	1110000000010100	1	7	0000000000000000	0	6.190	1110000000011110	1	5.230	1110000000011110	1	3.410	1110000000011111	1	7.330	1110000000011110	1	0.412	1110000000010100	1	0.709	1110000000010100	1	1.940	1110000000010100	1	0.05794	1110000000010100	1
202403241002	2.120	1110000000011110	1	7.140	1110000000011111	1	4.878	1110000000011111	1	268.600	1110000000010100	1	28.000	1110000000010100	1	7.250	1110000000010100	1	7	0000000000000000	0	6.220	1110000000011110	1	5.290	1110000000011110	1	3.430	1110000000011111	1	7.310	1110000000011110	1	0.410	1110000000010100	1	0.712	1110000000010100	1	2.070	1110000000010100	1	0.05708	1110000000010100	1
202403241032	2.230	1110000000011110	1	6.670	1110000000011111	1	5.063	1110000000011111	1	268.600	1110000000010100	1	26.700	1110000000010100	1	7.250	1110000000010100	1	7	0000000000000000	0	6.410	1110000000011110	1	5.480	1110000000011110	1	3.520	1110000000011111	1	7.500	1110000000011110	1	0.410	1110000000010100	1	0.720	1110000000010100	1	2.220	1110000000010100	1	0.05574	1110000000010100	1
202403241102	2.270	1110000000011110	1	7.140	1110000000011111	1	5.195	1110000000011111	1	272.800	1110000000010100	1	32.200	1110000000010100	1	7.250	1110000000010100	1	7	0000000000000000	0	6.500	1110000000011110	1	5.580	1110000000011110	1	3.600	1110000000011111	1	7.570	1110000000011110	1	0.401	1110000000010100	1	0.718	1110000000010100	1	2.130	1110000000010100	1	0.05389	1110000000010100	1
202403241132	2.130	1110000000011110	1	7.140	1110000000011111	1	5.128	1110000000011111	1	270.000	1110000000010100	1	28.300	1110000000010100	1	7.300	1110000000010100	1	7	0000000000000000	0	6.560	1110000000011110	1	5.580	1110000000011110	1	3.550	1110000000011111	1	7.710	1110000000011110	1	0.417	1110000000010100	1	0.724	1110000000010100	1	2.090	1110000000010100	1	0.05190	1110000000010100	1
202403241202	2.320	1110000000011110	1	7.690	1110000000011111	1	5.405	1110000000011111	1	267.200	1110000000010100	1	22.000	1110000000010100	1	7.300	1110000000010100	1	7	0000000000000000	0	6.800	1110000000011110	1	5.840	1110000000011110	1	3.670	1110000000011111	1	7.920	1110000000011110	1	0.413	1110000000010100	1	0.732	1110000000010100	1	2.210	1110000000010100	1	0.05088	1110000000010100	1
202403241232	2.200	1110000000011110	1	8.330	1110000000011111	1	5.405	1110000000011111	1	277.000	1110000000010100	1	27.600	1110000000010100	1	7.300	1110000000010100	1	7	0000000000000000	0	6.940	1110000000011110	1	5.910	1110000000011110	1	3.680	1110000000011111	1	8.150	1110000000011110	1	0.423	1110000000010100	1	0.737	1110000000010100	1	2.160	1110000000010100	1	0.04825	1110000000010100	1
202403241302	2.120	1110000000011110	1	8.330	1110000000011111	1	5.634	1110000000011111	1	279.800	1110000000010100	1	23.600	1110000000010100	1	7.300	1110000000010100	1	7	0000000000000000	0	7.210	1110000000011110	1	6.170	1110000000011110	1	3.800	1110000000011111	1	8.430	1110000000011110	1	0.424	1110000000010100	1	0.744	1110000000010100	1	2.310	1110000000010100	1	0.04279	1110000000010100	1
202403241332	2.010	1110000000011110	1	7.690	1110000000011111	1	5.556	1110000000011111	1	268.600	1110000000010100	1	34.100	1110000000010100	1	7.300	1110000000010100	1	7	0000000000000000	0	7.120	1110000000011110	1	6.060	1110000000011110	1	3.950	1110000000011111	1	8.370	1110000000011110	1	0.403	1110000000010100	1	0.712	1110000000010100	1	1.940	1110000000010100	1	0.04172	1110000000010100	1
202403241402	2.050	1110000000011110	1	8.330	1110000000011111	1	5.882	1110000000011111	1	270.000	1110000000010100	1	26.400	1110000000010100	1	7.350	1110000000010100	1	7	0000000000000000	0	7.400	1110000000011110	1	6.360	1110000000011110	1	4.130	1110000000011111	1	8.610	1110000000011110	1	0.399	1110000000010100	1	0.715	1110000000010100	1	2.160	1110000000010100	1	0.03796	1110000000010100	1
202403241432	2.110	1110000000011110	1	8.330	1110000000011111	1	5.970	1110000000011111	1	274.200	1110000000010100	1	31.000	1110000000010100	1	7.350	1110000000010100	1	7	0000000000000000	0	7.320	1110000000011110	1	6.370	1110000000011110	1	4.290	1110000000011111	1	8.410	1110000000011110	1	0.375	1110000000010100	1	0.695	1110000000010100	1	2.140	1110000000010100	1	0.03793	1110000000010100	1
202403241502	2.020	1110000000011110	1	7.690	1110000000011111	1	5.970	1110000000011111	1	274.200	1110000000010100	1	25.400	1110000000010100	1	7.300	1110000000010100	1	7	0000000000000000	0	7.430	1110000000011110	1	6.450	1110000000011110	1	4.270	1110000000011111	1	8.560	1110000000011110	1	0.385	1110000000010100	1	0.706	1110000000010100	1	2.230	1110000000010100	1	0.03631	1110000000010100	1
202403241532	2.120	1110000000011110	1	9.090	1110000000011111	1	5.970	1110000000011111	1	281.300	1110000000010100	1	27.900	1110000000010100	1	7.300	1110000000010100	1	7	0000000000000000	0	7.530	1110000000011110	1	6.480	1110000000011110	1	4.250	1110000000011111	1	8.750	1110000000011110	1	0.393	1110000000010100	1	0.709	1110000000010100	1	2.180	1110000000010100	1	0.03811	1110000000010100	1
202403241602	2.110	1110000000011110	1	8.330	1110000000011111	1	5.797	1110000000011111	1	286.900	1110000000010100	1	29.900	1110000000010100	1	7.300	1110000000010100	1	7	0000000000000000	0	7.310	1110000000011110	1	6.230	1110000000011110	1	4.130	1110000000011111	1	8.580	1110000000011110	1	0.393	1110000000010100	1	0.702	1110000000010100	1	1.950	1110000000010100	1	0.04023	1110000000010100	1
202403241632	2.010	1110000000011110	1	8.330	1110000000011111	1	5.634	1110000000011111	1	293.900	1110000000010100	1	31.900	1110000000010100	1	7.300	1110000000010100	1	7	0000000000000000	0	7.280	1110000000011110	1	6.120	1110000000011110	1	3.820	1110000000011111	1	8.660	1110000000011110	1	0.425	1110000000010100	1	0.734	1110000000010100	1	1.940	1110000000010100	1	0.04057	1110000000010100	1
202403241702	2.060	1110000000011110	1	9.090	1110000000011111	1	5.556	1110000000011111	1	285.500	1110000000010100	1	21.600	1110000000010100	1	7.300	1110000000010100	1	7	0000000000000000	0	7.460	1110000000011110	1	6.190	1110000000011110	1	3.520	1110000000011111	1	8.990	1110000000011110	1	0.470	1110000000010100	1	0.778	1110000000010100	1	2.040	1110000000010100	1	0.04276	1110000000010100	1
202403241732	1.900	1110000000011110	1	9.090	1110000000011111	1	5.333	1110000000011111	1	286.900	1110000000010100	1	27.300	1110000000010100	1	7.300	1110000000010100	1	7	0000000000000000	0	7.270	1110000000011110	1	5.940	1110000000011110	1	3.320	1110000000011111	1	8.900	1110000000011110	1	0.485	1110000000010100	1	0.784	1110000000010100	1	1.840	1110000000010100	1	0.04280	1110000000010100	1
202403241802	1.840	1110000000011110	1	8.330	1110000000011111	1	5.333	1110000000011111	1	289.700	1110000000010100	1	23.800	1110000000010100	1	7.300	1110000000010100	1	7	0000000000000000	0	7.400	1110000000011110	1	6.020	1110000000011110	1	3.290	1110000000011111	1	9.100	1110000000011110	1	0.500	1110000000010100	1	0.791	1110000000010100	1	1.830	1110000000010100	1	0.04145	1110000000010100	1
202403241832	1.860	1110000000011110	1	9.090	1110000000011111	1	5.263	1110000000011111	1	278.400	1110000000010100	1	29.100	1110000000010100	1	7.300	1110000000010100	1	7	0000000000000000	0	7.120	1110000000011110	1	5.840	1110000000011110	1	3.330	1110000000011111	1	8.680	1110000000011110	1	0.476	1110000000010100	1	0.775	1110000000010100	1	1.760	1110000000010100	1	0.04302	1110000000010100	1
202403241902	1.900	1110000000011110	1	9.090	1110000000011111	1	5.195	1110000000011111	1	277.000	1110000000010100	1	27.500	1110000000010100	1	7.300	1110000000010100	1	7	0000000000000000	0	7.070	1110000000011110	1	5.790	1110000000011110	1	3.410	1110000000011111	1	8.630	1110000000011110	1	0.463	1110000000010100	1	0.761	1110000000010100	1	1.730	1110000000010100	1	0.04511	1110000000010100	1
202403241932	2.060	1110000000011110	1	7.690	1110000000011111	1	5.195	1110000000011111	1	281.300	1110000000010100	1	26.900	1110000000010100	1	7.300	1110000000010100	1	7	0000000000000000	0	6.840	1110000000011110	1	5.690	1110000000011110	1	3.440	1110000000011111	1	8.220	1110000000011110	1	0.445	1110000000010100	1	0.750	1110000000010100	1	1.800	1110000000010100	1	0.04891	1110000000010100	1
202403242002	2.210	1110000000011110	1	7.690	1110000000011111	1	5.333	1110000000011111	1	277.000	1110000000010100	1	28.000	1110000000010100	1	7.300	1110000000010100	1	7	0000000000000000	0	6.830	1110000000011110	1	5.790	1110000000011110	1	3.660	1110000000011111	1	8.060	1110000000011110	1	0.417	1110000000010100	1	0.728	1110000000010100	1	1.910	1110000000010100	1	0.04979	1110000000010100	1
202403242032	2.300	1910000000011110	1	7.690	1910000000011111	1	5.263	1910000000011111	1	274.200	1910000000010100	1	29.200	1910000000010100	1	7.300	1910000000010100	1	7	0000000000000000	0	6.790	1910000000011110	1	5.770	1910000000011110	1	3.600	1910000000011111	1	7.990	1910000000011110	1	0.420	1910000000010100	1	0.735	1910000000010100	1	1.980	1910000000010100	1	0.05320	1910000000010100	1
202403242102	2.330	1910000000011110	1	9.090	1910000000011111	1	5.333	1910000000011111	1	271.400	1910000000010100	1	24.400	1910000000010100	1	7.300	1910000000010100	1	7	0000000000000000	0	7.010	1910000000011110	1	5.860	1910000000011110	1	3.520	1910000000011111	1	8.390	1910000000011110	1	0.446	1910000000010100	1	0.753	1910000000010100	1	1.960	1910000000010100	1	0.05249	1910000000010100	1
202403242132	2.410	1110000000011110	1	7.140	1110000000011111	1	5.263	1110000000011111	1	275.600	1110000000010100	1	25.300	1110000000010100	1	7.300	1110000000010100	1	7	0000000000000000	0	6.610	1110000000011110	1	5.670	1110000000011110	1	3.630	1110000000011111	1	7.710	1110000000011110	1	0.403	1110000000010100	1	0.722	1110000000010100	1	2.060	1110000000010100	1	0.05575	1110000000010100	1
202403242202	2.350	1110000000011110	1	7.690	1110000000011111	1	5.333	1110000000011111	1	281.300	1110000000010100	1	27.200	1110000000010100	1	7.300	1110000000010100	1	7	0000000000000000	0	6.910	1110000000011110	1	5.840	1110000000011110	1	3.490	1110000000011111	1	8.180	1110000000011110	1	0.440	1110000000010100	1	0.757	1110000000010100	1	2.040	1110000000010100	1	0.05294	1110000000010100	1
202403242232	2.340	1110000000011110	1	7.690	1110000000011111	1	5.333	1110000000011111	1	279.800	1110000000010100	1	26.000	1110000000010100	1	7.300	1110000000010100	1	7	0000000000000000	0	6.880	1110000000011110	1	5.820	1110000000011110	1	3.460	1110000000011111	1	8.130	1110000000011110	1	0.443	1110000000010100	1	0.760	1110000000010100	1	2.180	1110000000010100	1	0.05271	1110000000010100	1
202403242302	2.190	1110000000011110	1	7.690	1110000000011111	1	5.263	1110000000011111	1	285.500	1110000000010100	1	31.200	1110000000010100	1	7.300	1110000000010100	1	7	0000000000000000	0	6.820	1110000000011110	1	5.740	1110000000011110	1	3.520	1110000000011111	1	8.100	1110000000011110	1	0.432	1110000000010100	1	0.744	1110000000010100	1	1.920	1110000000010100	1	0.05066	1110000000010100	1
202403242332	2.200	1110000000011110	1	7.140	1110000000011111	1	5.405	1110000000011111	1	289.700	1110000000010100	1	22.700	1110000000010100	1	7.300	1110000000010100	1	7	0000000000000000	0	6.860	1110000000011110	1	5.870	1110000000011110	1	3.660	1110000000011111	1	8.020	1110000000011110	1	0.415	1110000000010100	1	0.738	1110000000010100	1	2.100	1110000000010100	1	0.04825	1110000000010100	1
202403250002	2.150	1110000000011110	1	7.690	1110000000011111	1	5.479	1110000000011111	1	286.900	1110000000010100	1	24.300	1110000000010100	1	7.250	1110000000010100	1	7	0000000000000000	0	6.830	1110000000011110	1	5.910	1110000000011110	1	3.700	1110000000011111	1	7.890	1110000000011110	1	0.409	1110000000010100	1	0.736	1110000000010100	1	2.510	1110000000010100	1	0.04589	1110000000010100	1
